0.005	0.163492	0.000613954
0.006	0.163543	0.000614025
0.007	0.163562	0.000614093
0.008	0.163593	0.00061421
0.009	0.163619	0.00061431
0.01	0.163631	0.000614354
0.011	0.163604	0.000614253
0.012	0.163718	0.000614679
0.013	0.163682	0.000614546
0.014	0.163821	0.000615066
0.015	0.163806	0.00061501
0.016	0.163903	0.000615376
0.017	0.164046	0.000615911
0.018	0.163999	0.000615735
0.019	0.164047	0.000615915
0.02	0.164151	0.000616307
0.021	0.164193	0.000616465
0.022	0.16453	0.000617728
0.023	0.164509	0.000617651
0.024	0.164321	0.000616943
0.025	0.164609	0.000618024
0.026	0.164709	0.000618401
0.027	0.16454	0.000617768
0.028	0.164808	0.000618773
0.029	0.165045	0.000619662
0.03	0.16498	0.000619417
0.031	0.165241	0.000620397
0.032	0.165113	0.000619918
0.033	0.165205	0.000620265
0.034	0.165569	0.000621628
0.035	0.16555	0.000621558
0.036	0.165491	0.000621335
0.037	0.165895	0.000622854
0.038	0.165941	0.000623026
0.039	0.166304	0.00062439
0.04	0.166005	0.000623266
0.041	0.166321	0.000624451
0.042	0.166258	0.000624217
0.043	0.166737	0.000626015
0.044	0.167009	0.000627037
0.045	0.166941	0.000626782
0.046	0.167157	0.000627592
0.047	0.167197	0.000627741
0.048	0.167296	0.000628114
0.049	0.167421	0.000628581
0.05	0.167513	0.00062893
0.051	0.167714	0.000629683
0.052	0.168432	0.000632379
0.053	0.167994	0.000630736
0.054	0.168539	0.00063278
0.055	0.168567	0.000632885
0.056	0.168615	0.000633065
0.057	0.169012	0.000634556
0.058	0.168894	0.000634115
0.059	0.16891	0.000634175
0.06	0.169529	0.000636499
0.061	0.169779	0.000637436
0.062	0.170105	0.000638658
0.063	0.170044	0.000638431
0.064	0.170187	0.000638967
0.065	0.170839	0.000641416
0.066	0.170833	0.000641394
0.067	0.171025	0.000642114
0.068	0.171572	0.000644167
0.069	0.171222	0.000642854
0.07	0.171887	0.00064535
0.071	0.171367	0.000643397
0.072	0.171948	0.00064558
0.073	0.172129	0.000646259
0.074	0.172234	0.000646654
0.075	0.172713	0.000648452
0.076	0.173389	0.000650991
0.077	0.173372	0.000650925
0.078	0.173962	0.000653141
0.079	0.17445	0.000654975
0.08	0.173735	0.000652288
0.081	0.174565	0.000655405
0.082	0.175265	0.000658034
0.083	0.174769	0.000656173
0.084	0.175761	0.000659895
0.085	0.175768	0.000659923
0.086	0.175094	0.00065739
0.087	0.176334	0.000662046
0.088	0.176436	0.000662428
0.089	0.176477	0.000662583
0.09	0.177222	0.000665382
0.091	0.177538	0.000666569
0.092	0.177601	0.000666805
0.093	0.178028	0.000668408
0.094	0.177851	0.000667742
0.095	0.178594	0.000670533
0.096	0.17836	0.000669655
0.097	0.179782	0.000674993
0.098	0.180001	0.000675816
0.099	0.179829	0.000675167
0.1	0.179872	0.000675329
0.101	0.180369	0.000677196
0.102	0.180709	0.000678474
0.103	0.180812	0.000678858
0.104	0.180853	0.000679014
0.168626
0.00105968
0.181313
0.00431732
0.159954
0.00026626
0.041987
0.0536759
0.0478314
0.00613285
0.011689
0.0123582
0.244379
0.260262
